6091
6307
6389
6390
6391
6392
6393
6394
7007
7052
7054
7068
7071
7080
7081
7084
7237
7272
7275
7309
7355
7376
7379
7388
7398
7408
7499
7505
7518
7570
7607
7668
7754
7755
7784
7786
7800
7839
7843
7844
7860
7880
7897
8004
8005
8009
8052
8081
8090
8115
8127
8181
8299
8303
8318
8400
8418
8423
8528
8543
8565
8574
8601
8604
8687
8707
8726
8756
8765
8795
8799
8808
8840
8853
8858
8874
8881
8887
8896
9005
9023
9026
9044
9081
9118
9119
9120
9125
9129
9140
9151
9161
9169
9170
9196
9198
9305
9307
9335
9336
9369
9389
9506
9519
9532
9554
9559
9565
9580
9598
9616
9621
9628
9648
9651
9653
9670
9695
9696
9721
9792
9793
9794
9795
9807
9827
9838
9839
9889
